0	3000	0	0
50	3003	21881	0
100	3006	21761	1
150	3009	21589	2
200	3012	21423	3
250	3015	21260	5
300	3018	21097	8
350	3021	20937	11
400	3025	20778	14
450	3028	20621	17
499	3031	20465	21
549	3034	20311	26
599	3037	20158	31
649	3040	20007	36
699	3043	19858	41
750	3047	19710	47
800	3050	19563	54
850	3053	19418	60
900	3056	19275	67
950	3059	19132	75
1000	3062	18992	82
1050	3065	18852	90
1100	3068	18715	99
1150	3072	18578	108
1200	3075	18443	117
1250	3078	18309	126
1300	3081	18177	136
1350	3084	18046	146
1400	3087	17916	157
1450	3090	17788	168
1500	3093	17660	179
1550	3096	17534	190
1600	3099	17410	202
1650	3102	17286	214
1700	3106	17164	227
1750	3109	17043	239
1800	3112	16924	252
1850	3115	16805	266
1900	3118	16688	280
1950	3121	16572	294
2000	3124	16456	308
2050	3127	16343	322
2100	3130	16230	337
2150	3133	16118	352
2200	3136	16008	368
2250	3139	15898	384
2300	3142	15790	400
2350	3145	15683	416
2400	3148	15576	433
2450	3151	15471	450
2500	3154	15367	467
2550	3157	15264	484
2600	3160	15162	502
2650	3163	15061	520
2700	3166	14960	538
2750	3169	14861	557
2800	3172	14763	575
2850	3175	14666	594
2900	3178	14570	614
2950	3181	14474	633
3000	3184	14380	653
3050	3186	14286	673
3100	3189	14194	694
3150	3192	14102	714
3200	3195	14011	735
3250	3198	13922	756
3300	3201	13833	777
3350	3204	13744	799
3400	3207	13657	821
3450	3210	13571	843
3500	3212	13485	865
3550	3215	13400	887
3600	3218	13316	910
3650	3221	13233	933
3700	3224	13150	956
3750	3226	13069	979
3800	3229	12988	1003
3850	3232	12908	1027
3900	3235	12828	1051
3950	3238	12750	1075
4000	3240	12672	1100
4050	3243	12595	1124
4100	3246	12518	1149
4150	3249	12443	1174
4200	3251	12368	1200
4250	3254	12294	1225
4300	3257	12220	1251
4350	3259	12147	1277
4400	3262	12075	1303
4450	3265	12003	1329
4500	3267	11933	1356
4550	3270	11862	1382
4600	3273	11793	1409
4650	3275	11724	1437
4700	3278	11656	1464
4750	3281	11588	1491
4800	3283	11521	1519
4850	3286	11454	1547
4900	3288	11389	1575
4950	3291	11323	1603
5000	3293	11259	1632
5050	3296	11195	1660
5100	3298	11131	1689
5150	3301	11068	1718
5200	3303	11006	1747
5250	3306	10944	1776
5300	3308	10883	1806
5350	3311	10822	1836
5400	3313	10762	1865
5450	3316	10703	1895
5500	3318	10644	1926
5550	3321	10585	1956
5600	3323	10527	1986
5650	3325	10469	2017
5700	3328	10412	2048
5750	3330	10356	2079
5800	3333	10300	2110
5850	3335	10244	2141
5900	3337	10189	2173
5950	3339	10135	2205
6000	3342	10081	2236
6050	3344	10027	2268
6100	3346	9974	2300
6150	3349	9921	2333
6200	3351	9869	2365
6250	3353	9817	2398
6300	3355	9765	2430
6350	3357	9714	2463
6400	3360	9664	2496
6450	3362	9614	2529
6500	3364	9564	2563
6550	3366	9515	2596
6600	3368	9466	2630
6650	3370	9417	2663
6700	3372	9369	2697
6750	3375	9321	2731
6800	3377	9274	2765
6850	3379	9227	2800
6900	3381	9181	2834
6950	3383	9134	2868
7000	3385	9089	2903
7050	3387	9043	2938
7100	3389	8998	2973
7150	3391	8953	3008
7200	3393	8909	3043
7250	3395	8865	3078
7300	3396	8821	3114
7350	3398	8778	3149
7400	3400	8735	3185
7450	3402	8692	3221
7500	3404	8650	3257
7550	3406	8608	3293
7600	3408	8566	3329
7650	3409	8525	3365
7700	3411	8484	3402
7750	3413	8443	3438
7800	3415	8402	3475
7850	3417	8362	3512
7900	3418	8322	3549
7950	3420	8283	3586
8000	3422	8243	3623
8050	3423	8204	3660
8100	3425	8166	3697
8150	3427	8127	3735
8200	3428	8089	3772
8250	3430	8051	3810
8300	3431	8014	3848
8350	3433	7976	3886
8400	3435	7939	3924
8450	3436	7911	3962
8500	3438	7878	4000
8550	3439	7843	4038
8600	3441	7807	4076
8650	3442	7771	4115
8718	3444	7729	4168
8787	3446	7681	4221
8856	3448	7632	4275
8925	3450	7584	4328
9025	3453	7528	4407
9125	3455	7460	4486
9225	3458	7393	4565
9325	3460	7326	4644
9425	3463	7261	4724
9525	3465	7196	4804
9625	3467	7132	4885
9725	3469	7069	4966
9825	3472	7007	5047
9925	3474	6945	5128
10025	3476	6884	5210
10125	3477	6824	5293
10199	3479	6771	5354
10200	3479	6794	5354
10200	3479	6794	5354
10250	3480	6721	5396
10300	3481	6693	5437
10350	3481	6664	5479
10400	3482	6641	5520
10450	3483	6616	5562
10500	3484	6588	5604
10550	3485	6560	5646
10609	3485	6529	5695
10668	3486	6496	5745
10727	3487	6463	5795
10786	3488	6430	5844
10886	3489	6388	5929
10986	3490	6333	6014
11086	3492	6279	6099
11186	3493	6225	6184
11286	3494	6172	6270
11386	3495	6119	6356
11486	3495	6067	6442
11586	3496	6015	6528
11686	3497	5964	6615
11786	3497	5913	6702
11886	3498	5863	6789
11986	3498	5813	6876
12086	3499	5764	6964
12186	3499	5715	7052
12286	3499	5666	7140
12386	3499	5618	7228
12486	3499	5570	7317
12586	3499	5523	7405
12686	3499	5476	7494
12786	3499	5429	7583
12886	3499	5382	7673
12986	3499	5336	7762
13086	3498	5291	7852
13186	3498	5245	7942
13286	3497	5200	8032
13386	3496	5156	8122
13486	3496	5111	8212
13586	3495	5067	8303
13686	3494	5023	8394
13786	3493	4980	8484
13886	3492	4937	8575
13986	3491	4894	8667
14086	3490	4851	8758
14186	3488	4809	8849
14286	3487	4767	8941
14386	3486	4725	9033
14486	3484	4683	9125
14586	3482	4642	9217
14686	3481	4600	9309
14786	3479	4560	9401
14886	3477	4519	9493
14986	3475	4478	9586
15086	3473	4438	9679
15186	3471	4398	9771
15286	3469	4358	9864
15386	3467	4319	9957
15486	3465	4279	10050
15586	3462	4240	10143
15686	3460	4201	10237
15786	3457	4162	10330
15886	3455	4124	10423
15986	3452	4086	10517
16086	3450	4047	10610
16186	3447	4009	10704
16286	3444	3972	10798
16386	3441	3934	10892
16486	3438	3897	10986
16586	3435	3859	11079
16686	3432	3822	11173
16786	3429	3786	11268
16886	3425	3749	11362
16986	3422	3712	11456
17086	3419	3676	11550
17186	3415	3640	11644
17286	3412	3604	11739
17386	3408	3568	11833
17486	3405	3533	11927
17586	3401	3497	12022
17686	3397	3462	12116
17786	3393	3427	12211
17886	3389	3392	12305
17986	3385	3357	12400
18086	3381	3323	12494
18186	3377	3288	12589
18286	3373	3254	12684
18386	3369	3220	12778
18486	3365	3186	12873
18586	3360	3153	12968
18686	3356	3119	13062
18786	3351	3086	13157
18886	3347	3053	13252
18986	3342	3020	13346
19086	3338	2987	13441
19186	3333	2954	13536
19286	3328	2922	13630
19386	3324	2890	13725
19486	3319	2857	13819
19586	3314	2826	13914
19686	3309	2794	14009
19786	3304	2762	14103
19886	3299	2731	14198
19986	3294	2700	14292
20086	3289	2669	14387
20186	3284	2638	14481
20286	3279	2608	14576
20386	3273	2577	14670
20486	3268	2547	14764
20586	3263	2517	14859
20686	3257	2487	14953
20786	3252	2458	15047
20886	3247	2428	15141
20986	3241	2399	15235
21086	3236	2370	15329
21186	3230	2341	15423
21286	3224	2313	15517
21386	3219	2284	15611
21486	3213	2256	15705
21586	3207	2228	15799
21686	3202	2200	15893
21786	3196	2173	15986
21886	3190	2145	16080
21986	3184	2118	16174
22086	3178	2091	16267
22186	3173	2065	16360
22286	3167	2038	16454
22386	3161	2012	16547
22486	3155	1986	16640
22586	3149	1960	16733
22686	3143	1935	16826
22786	3137	1910	16919
22886	3131	1884	17012
22986	3125	1860	17105
23086	3119	1835	17197
23186	3112	1811	17290
23286	3106	1787	17382
23386	3100	1763	17475
23486	3094	1739	17567
23586	3088	1716	17659
23686	3082	1693	17751
23786	3075	1670	17843
23886	3069	1647	17935
23986	3063	1625	18027
24086	3057	1603	18119
24186	3051	1581	18210
24286	3044	1559	18302
24386	3038	1538	18393
24486	3032	1517	18484
24586	3025	1496	18575
24686	3019	1475	18666
24786	3013	1455	18757
24886	3007	1435	18848
24986	3000	1415	18939
25086	2994	1396	19029
25186	2988	1377	19120
25286	2982	1358	19210
25386	2975	1339	19300
25486	2969	1321	19391
25586	2963	1303	19480
25686	2956	1285	19570
25786	2950	1268	19660
25886	2944	1250	19750
25986	2938	1233	19839
26086	2931	1217	19928
26186	2925	1201	20018
26286	2919	1185	20107
26386	2913	1169	20196
26486	2907	1153	20284
26586	2900	1138	20373
26686	2894	1123	20462
26786	2888	1109	20550
26886	2882	1095	20638
26986	2876	1081	20726
27086	2870	1067	20814
27186	2864	1054	20902
27286	2858	1041	20990
27386	2852	1028	21078
27486	2846	1016	21165
27586	2840	1004	21252
27686	2834	992	21340
27786	2828	981	21427
27886	2822	969	21513
27986	2816	959	21600
28086	2810	948	21687
28186	2805	938	21773
28286	2799	928	21860
28386	2793	919	21946
28486	2787	909	22032
28586	2782	900	22118
28686	2776	892	22203
28786	2770	884	22289
28886	2765	876	22374
28986	2759	868	22460
29086	2754	861	22545
29186	2748	854	22630
29286	2743	847	22715
29386	2738	841	22799
29486	2732	835	22884
29586	2727	829	22968
29686	2722	824	23053
29786	2717	819	23137
29886	2711	814	23221
29986	2706	810	23305
30086	2701	806	23388
30186	2696	802	23472
30286	2691	799	23555
30386	2686	796	23638
30486	2681	793	23722
30586	2677	791	23804
30686	2672	789	23887
30786	2667	787	23970
30886	2662	786	24052
30986	2658	785	24135
31086	2653	784	24217
31186	2649	783	24299
31286	2644	783	24381
31386	2640	784	24463
31486	2636	784	24545
31586	2631	785	24626
31686	2627	786	24707
31786	2623	788	24789
31886	2619	790	24870
31986	2615	792	24951
32086	2611	794	25031
32186	2607	797	25112
32286	2603	800	25193
32386	2599	804	25273
32486	2595	808	25353
32586	2592	812	25433
32686	2588	816	25513
32786	2585	821	25593
32886	2581	826	25673
32986	2578	832	25752
33086	2574	837	25832
33186	2571	843	25911
33286	2568	850	25990
33386	2565	856	26069
33486	2562	863	26148
33586	2559	870	26227
33686	2556	878	26306
33786	2553	886	26384
33886	2550	894	26463
33986	2547	903	26541
34086	2545	911	26619
34186	2542	920	26697
34286	2540	930	26775
34386	2537	939	26853
34486	2535	949	26930
34586	2533	960	27008
34686	2530	970	27085
34786	2528	981	27163
34886	2526	992	27240
34986	2524	1004	27317
35086	2522	1015	27394
35186	2520	1027	27471
35286	2519	1039	27547
35386	2517	1052	27624
35486	2515	1065	27700
35586	2514	1078	27777
35686	2512	1091	27853
35786	2511	1105	27929
35886	2510	1119	28005
35986	2509	1133	28081
36086	2507	1147	28157
36186	2506	1162	28233
36286	2505	1177	28309
36386	2504	1192	28384
36486	2504	1207	28460
36586	2503	1223	28535
36686	2502	1239	28610
36786	2502	1255	28686
36886	2501	1271	28761
36986	2501	1288	28836
37086	2500	1305	28911
37186	2500	1322	28986
37286	2500	1339	29060
37386	2500	1357	29135
37486	2500	1374	29210
37586	2500	1392	29284
37686	2500	1410	29359
37786	2500	1429	29433
37886	2500	1447	29507
37986	2500	1466	29582
38086	2501	1485	29656
38186	2501	1505	29730
38286	2502	1524	29804
38386	2503	1544	29878
38486	2503	1563	29952
38586	2504	1583	30026
38686	2505	1604	30099
38786	2506	1624	30173
38886	2507	1645	30247
38986	2508	1665	30320
39086	2509	1686	30394
39186	2511	1707	30467
39286	2512	1728	30541
39386	2513	1750	30614
39486	2515	1771	30687
39586	2517	1793	30761
39686	2518	1815	30834
39786	2520	1837	30907
39886	2522	1859	30980
39986	2524	1882	31054
40086	2526	1904	31127
40186	2528	1927	31200
40286	2530	1949	31273
40386	2532	1972	31346
40486	2534	1995	31419
40586	2537	2018	31492
40686	2539	2041	31565
40786	2542	2065	31637
40886	2544	2088	31710
40986	2547	2112	31783
41086	2549	2135	31856
41186	2552	2159	31929
41286	2555	2183	32002
41386	2558	2207	32074
41486	2561	2231	32147
41586	2564	2255	32220
41686	2567	2279	32293
41786	2570	2303	32366
41886	2574	2327	32438
41986	2577	2352	32511
42086	2580	2376	32584
42186	2584	2401	32657
42286	2587	2425	32729
42386	2591	2450	32802
42486	2594	2474	32875
42586	2598	2499	32948
42686	2602	2524	33021
42786	2606	2548	33093
42886	2610	2573	33166
42986	2614	2598	33239
43086	2618	2623	33312
43186	2622	2648	33385
43286	2626	2673	33458
43386	2630	2697	33531
43486	2634	2722	33604
43586	2639	2747	33677
43686	2643	2772	33750
43786	2648	2797	33823
43886	2652	2822	33896
43986	2657	2847	33969
44086	2661	2872	34042
44186	2666	2896	34116
44286	2671	2921	34189
44386	2675	2946	34262
44486	2680	2971	34336
44586	2685	2995	34409
44686	2690	3020	34483
44786	2695	3045	34556
44886	2700	3069	34630
44986	2705	3094	34703
45086	2710	3118	34777
45186	2715	3143	34851
45286	2720	3167	34924
45386	2726	3191	34998
45486	2731	3215	35072
45586	2736	3240	35146
45686	2742	3264	35220
45786	2747	3288	35294
45886	2752	3311	35369
45986	2758	3335	35443
46086	2763	3359	35517
46186	2769	3383	35592
46286	2775	3406	35666
46386	2780	3429	35741
46486	2786	3453	35815
46586	2792	3476	35890
46686	2797	3499	35965
46786	2803	3522	36040
46886	2809	3545	36115
46986	2815	3567	36190
47086	2821	3590	36265
47186	2826	3612	36340
47286	2832	3635	36415
47386	2838	3657	36491
47486	2844	3679	36566
47586	2850	3701	36642
47686	2856	3722	36718
47786	2862	3744	36794
47886	2868	3765	36870
47986	2874	3786	36946
48086	2880	3808	37022
48186	2887	3828	37098
48286	2893	3849	37174
48386	2899	3870	37251
48486	2905	3890	37327
48586	2911	3910	37404
48686	2917	3930	37481
48786	2924	3950	37558
48886	2930	3970	37635
48986	2936	3989	37712
49086	2942	4008	37789
49186	2948	4027	37866
49286	2955	4046	37944
49386	2961	4065	38022
49486	2967	4083	38099
49586	2974	4101	38177
49686	2980	4119	38255
49786	2986	4137	38333
49886	2992	4154	38411
49986	2999	4172	38490
49999	2999	4180	38500
50000	3000	4207	38500
50000	3000	4181	38500
50050	3003	4188	38540
50100	3006	4196	38579
50150	3009	4205	38618
50250	3015	4217	38697
50350	3021	4233	38776
50450	3028	4249	38855
50550	3034	4265	38934
50650	3040	4281	39013
50750	3047	4296	39092
50850	3053	4311	39172
50950	3059	4326	39251
51050	3065	4341	39331
51150	3072	4356	39411
51250	3078	4370	39491
51350	3084	4384	39571
51450	3090	4398	39652
51550	3096	4411	39732
51650	3102	4424	39813
51750	3109	4437	39893
51850	3115	4450	39974
51950	3121	4462	40055
52050	3127	4475	40136
52150	3133	4486	40218
52250	3139	4498	40299
52350	3145	4509	40381
52450	3151	4520	40463
52550	3157	4531	40544
52650	3163	4542	40626
52750	3169	4552	40709
52850	3175	4562	40791
52950	3181	4571	40873
53050	3186	4581	40956
53150	3192	4590	41039
53250	3198	4598	41122
53350	3204	4607	41205
53450	3210	4615	41288
53550	3215	4623	41371
53650	3221	4630	41455
53750	3226	4637	41539
53850	3232	4644	41622
53950	3238	4651	41706
54050	3243	4657	41791
54150	3249	4663	41875
54250	3254	4669	41959
54350	3259	4675	42044
54450	3265	4680	42129
54550	3270	4684	42213
54650	3275	4689	42298
54750	3281	4693	42384
54850	3286	4697	42469
54950	3291	4701	42554
55050	3296	4704	42640
55150	3301	4707	42726
55250	3306	4709	42812
55350	3311	4712	42898
55450	3316	4714	42984
55550	3321	4715	43070
55650	3325	4717	43157
55750	3330	4718	43244
55850	3335	4719	43330
55950	3339	4719	43417
56050	3344	4719	43505
56150	3349	4719	43592
56250	3353	4719	43679
56350	3357	4718	43767
56450	3362	4717	43854
56550	3366	4715	43942
56650	3370	4714	44030
56750	3375	4712	44118
56850	3379	4709	44207
56950	3383	4706	44295
57050	3387	4703	44384
57150	3391	4700	44472
57250	3395	4697	44561
57350	3398	4693	44650
57450	3402	4688	44739
57550	3406	4684	44829
57650	3409	4679	44918
57750	3413	4674	45008
57850	3417	4668	45097
57950	3420	4663	45187
58050	3423	4657	45277
58150	3427	4650	45367
58250	3430	4644	45458
58350	3433	4637	45548
58450	3436	4629	45638
58550	3439	4622	45729
58650	3442	4614	45820
58750	3445	4606	45911
58850	3448	4597	46002
58950	3451	4588	46093
59050	3453	4579	46184
59150	3456	4570	46276
59250	3458	4560	46367
59350	3461	4551	46459
59450	3463	4540	46551
59550	3466	4530	46643
59650	3468	4519	46735
59750	3470	4508	46827
59850	3472	4497	46919
59950	3474	4485	47011
60050	3476	4473	47104
60150	3478	4461	47196
60250	3480	4449	47289
60350	3481	4436	47382
60450	3483	4423	47475
60550	3485	4410	47568
60650	3486	4396	47661
60750	3487	4382	47754
60850	3489	4368	47848
60950	3490	4354	47941
61050	3491	4339	48035
61150	3492	4325	48129
61250	3493	4310	48222
61350	3494	4294	48316
61450	3495	4279	48410
61550	3496	4263	48504
61650	3497	4247	48598
61750	3497	4231	48693
61850	3498	4214	48787
61950	3498	4197	48882
62050	3499	4180	48976
62150	3499	4163	49071
62250	3499	4146	49165
62350	3499	4128	49260
62450	3499	4110	49355
62550	3499	4092	49450
62650	3499	4074	49545
62750	3499	4055	49640
62850	3499	4037	49735
62950	3499	4018	49831
63050	3498	3999	49926
63150	3498	3979	50021
63250	3497	3960	50117
63350	3497	3940	50212
63450	3496	3920	50308
63550	3495	3900	50404
63650	3494	3880	50499
63750	3493	3859	50595
63850	3492	3839	50691
63950	3491	3818	50787
64050	3490	3797	50883
64150	3489	3776	50979
64250	3487	3754	51075
64350	3486	3733	51171
64450	3485	3711	51267
64550	3483	3690	51363
64650	3481	3668	51460
64750	3480	3645	51556
64850	3478	3623	51652
64950	3476	3601	51749
65050	3474	3578	51845
65150	3472	3556	51942
65250	3470	3533	52038
65350	3468	3510	52135
65450	3466	3487	52231
65550	3463	3464	52328
65650	3461	3441	52424
65750	3458	3417	52521
65850	3456	3394	52618
65950	3453	3370	52714
66050	3451	3347	52811
66150	3448	3323	52908
66250	3445	3299	53004
66350	3442	3275	53101
66450	3439	3251	53198
66550	3436	3227	53295
66650	3433	3203	53391
66750	3430	3178	53488
66850	3427	3154	53585
66950	3423	3130	53682
67050	3420	3105	53778
67150	3417	3081	53875
67250	3413	3056	53972
67350	3409	3031	54069
67450	3406	3007	54165
67550	3402	2982	54262
67650	3398	2957	54359
67750	3395	2932	54456
67850	3391	2908	54552
67950	3387	2883	54649
68050	3383	2858	54746
68150	3379	2833	54842
68250	3375	2808	54939
68350	3370	2783	55036
68450	3366	2758	55132
68550	3362	2733	55229
68650	3357	2708	55325
68750	3353	2683	55422
68850	3349	2658	55518
68950	3344	2633	55614
69050	3339	2608	55711
69150	3335	2584	55807
69250	3330	2559	55903
69350	3325	2534	56000
69450	3321	2509	56096
69550	3316	2484	56192
69650	3311	2460	56288
69750	3306	2435	56384
69850	3301	2410	56480
69950	3296	2386	56576
70050	3291	2361	56672
70150	3286	2337	56768
70250	3281	2312	56864
70350	3275	2288	56959
70450	3270	2264	57055
70550	3265	2240	57151
70650	3259	2215	57246
70750	3254	2191	57342
70850	3249	2167	57437
70950	3243	2144	57532
71050	3238	2120	57627
71150	3232	2096	57723
71250	3226	2073	57818
71350	3221	2049	57913
71450	3215	2026	58008
71550	3210	2003	58102
71650	3204	1979	58197
71750	3198	1956	58292
71850	3192	1933	58387
71950	3186	1911	58481
72050	3181	1888	58575
72150	3175	1866	58670
72250	3169	1843	58764
72350	3163	1821	58858
72450	3157	1799	58952
72550	3151	1777	59046
72650	3145	1755	59140
72750	3139	1734	59234
72850	3133	1712	59327
72950	3127	1691	59421
73050	3121	1670	59514
73150	3115	1649	59608
73250	3109	1628	59701
73350	3102	1607	59794
73450	3096	1587	59887
73550	3090	1567	59980
73650	3084	1547	60073
73750	3078	1527	60166
73850	3072	1507	60258
73950	3065	1487	60351
74050	3059	1468	60443
74150	3053	1449	60535
74250	3047	1430	60627
74350	3040	1411	60719
74450	3034	1393	60811
74550	3028	1375	60903
74650	3021	1357	60995
74750	3015	1339	61086
74850	3009	1321	61177
74950	3003	1304	61269
75050	2996	1287	61360
75150	2990	1270	61451
75250	2984	1253	61542
75350	2978	1236	61632
75450	2971	1220	61723
75550	2965	1204	61813
75650	2959	1188	61904
75750	2952	1173	61994
75850	2946	1158	62084
75950	2940	1143	62174
76050	2934	1128	62264
76150	2927	1113	62353
76250	2921	1099	62443
76350	2915	1085	62532
76450	2909	1071	62622
76550	2903	1058	62711
76650	2897	1045	62800
76750	2890	1032	62888
76850	2884	1019	62977
76950	2878	1006	63066
77049	2872	994	63154
77149	2866	982	63242
77249	2860	971	63330
77349	2854	960	63418
77449	2848	949	63506
77549	2842	938	63594
77649	2836	927	63681
77749	2830	917	63769
77849	2824	907	63856
77949	2818	898	63943
78049	2813	888	64030
78149	2807	879	64117
78249	2801	871	64203
78349	2795	862	64290
78449	2789	854	64376
78549	2784	846	64462
78649	2778	839	64548
78749	2773	831	64634
78849	2767	824	64720
78949	2761	818	64806
79049	2756	811	64891
79149	2750	805	64976
79249	2745	800	65061
79349	2740	794	65146
79449	2734	789	65231
79549	2729	784	65316
79649	2724	780	65400
79749	2718	776	65485
79849	2713	772	65569
79949	2708	768	65653
80049	2703	765	65737
80149	2698	762	65821
80249	2693	759	65904
80349	2688	757	65988
80449	2683	755	66071
80549	2678	753	66154
80649	2674	752	66237
80749	2669	751	66320
80849	2664	750	66403
80949	2660	749	66486
81049	2655	749	66568
81149	2650	750	66650
81249	2646	750	66732
81349	2642	751	66814
81449	2637	752	66896
81549	2633	753	66978
81649	2629	755	67060
81749	2624	757	67141
81849	2620	759	67222
81949	2616	762	67303
82049	2612	765	67384
82149	2608	768	67465
82249	2604	772	67546
82349	2601	776	67626
82449	2597	780	67707
82549	2593	785	67787
82649	2590	790	67867
82749	2586	795	67947
82849	2582	800	68027
82949	2579	806	68107
83049	2576	812	68186
83149	2572	818	68266
83249	2569	825	68345
83349	2566	832	68424
83449	2563	839	68503
83549	2560	847	68582
83649	2557	855	68661
83749	2554	863	68740
83849	2551	871	68818
83949	2548	880	68897
84049	2546	889	68975
84149	2543	898	69053
84249	2541	908	69131
84349	2538	918	69209
84449	2536	928	69287
84549	2533	939	69364
84649	2531	950	69442
84749	2529	961	69519
84849	2527	972	69597
84949	2525	984	69674
85049	2523	995	69751
85149	2521	1008	69828
85249	2519	1020	69905
85349	2518	1033	69981
85449	2516	1046	70058
85549	2514	1059	70134
85649	2513	1072	70211
85749	2512	1086	70287
85849	2510	1100	70363
85949	2509	1115	70439
86049	2508	1129	70515
86149	2507	1144	70591
86249	2506	1159	70667
86349	2505	1174	70743
86449	2504	1190	70818
86549	2503	1206	70894
86649	2502	1222	70969
86749	2502	1238	71044
86849	2501	1254	71119
86949	2501	1271	71195
87049	2500	1288	71270
87149	2500	1305	71345
87249	2500	1323	71419
87349	2500	1340	71494
87449	2500	1358	71569
87549	2500	1376	71643
87649	2500	1395	71718
87749	2500	1413	71792
87849	2500	1432	71867
87949	2500	1451	71941
88049	2501	1470	72015
88149	2501	1489	72089
88249	2502	1509	72163
88349	2502	1528	72237
88449	2503	1548	72311
88549	2504	1568	72385
88649	2505	1589	72459
88749	2506	1609	72533
88849	2507	1630	72607
88949	2508	1651	72680
89049	2509	1672	72754
89149	2510	1693	72827
89249	2512	1714	72901
89349	2513	1736	72974
89449	2514	1757	73048
89549	2516	1779	73121
89649	2518	1801	73194
89749	2519	1823	73268
89849	2521	1845	73341
89949	2523	1868	73414
90049	2525	1890	73487
90149	2527	1913	73560
90249	2529	1936	73633
90349	2531	1958	73706
90449	2533	1981	73779
90549	2536	2005	73852
90649	2538	2028	73925
90749	2541	2051	73998
90849	2543	2075	74071
90949	2546	2098	74144
91049	2548	2122	74217
91149	2551	2146	74290
91249	2554	2170	74363
91349	2557	2194	74435
91449	2560	2218	74508
91549	2563	2242	74581
91649	2566	2266	74654
91749	2569	2290	74727
91849	2572	2315	74799
91949	2576	2339	74872
92049	2579	2363	74945
92149	2582	2388	75018
92249	2586	2413	75091
92349	2590	2437	75163
92449	2593	2462	75236
92549	2597	2487	75309
92649	2601	2511	75382
92749	2604	2536	75455
92849	2608	2561	75527
92949	2612	2586	75600
93049	2616	2611	75673
93149	2620	2636	75746
93249	2624	2661	75819
93349	2629	2685	75892
93449	2633	2710	75965
93549	2637	2735	76038
93649	2642	2760	76111
93749	2646	2785	76184
93849	2650	2810	76257
93949	2655	2835	76330
94049	2660	2860	76404
94149	2664	2885	76477
94249	2669	2910	76550
94349	2674	2935	76623
94449	2678	2959	76697
94549	2683	2984	76770
94649	2688	3009	76844
94749	2693	3034	76917
94849	2698	3058	76991
94949	2703	3083	77064
95049	2708	3107	77138
95149	2713	3132	77212
95249	2718	3156	77285
95349	2724	3180	77359
95449	2729	3205	77433
95549	2734	3229	77507
95649	2740	3253	77581
95749	2745	3277	77655
95849	2750	3301	77729
95949	2756	3325	77804
96049	2761	3349	77878
96149	2767	3372	77952
96249	2773	3396	78027
96349	2778	3419	78101
96449	2784	3443	78176
96549	2789	3466	78251
96649	2795	3489	78326
96749	2801	3512	78400
96849	2807	3535	78475
96949	2813	3558	78550
97049	2818	3580	78626
97149	2824	3603	78701
97249	2830	3625	78776
97349	2836	3647	78851
97449	2842	3670	78927
97549	2848	3691	79003
97649	2854	3713	79078
97749	2860	3735	79154
97849	2866	3756	79230
97949	2872	3778	79306
98049	2878	3799	79382
98149	2884	3820	79458
98249	2890	3840	79535
98349	2897	3861	79611
98449	2903	3882	79688
98549	2909	3902	79764
98649	2915	3922	79841
98749	2921	3942	79918
98849	2927	3961	79995
98949	2934	3981	80072
99049	2940	4000	80149
99149	2946	4019	80226
99249	2952	4038	80304
99349	2959	4057	80381
99449	2965	4076	80459
99549	2971	4094	80537
99649	2978	4112	80615
99749	2984	4130	80693
99849	2990	4147	80771
99949	2996	4165	80849
100000	2999	4177	80889
